(0,1)
(0,22)
(0,242)
(1,22)
(1,242)
(2,3)
(2,37)
(2,706)
(3,37)
(3,706)
(4,5)
(6,7)
(6,268)
(7,268)
(8,9)
(8,230)
(9,230)
(10,11)
(10,247)
(11,247)
(12,13)
(12,24)
(12,25)
(12,32)
(12,33)
(12,244)
(12,260)
(12,277)
(12,279)
(13,24)
(13,25)
(13,32)
(13,33)
(13,244)
(13,260)
(13,277)
(13,279)
(15,41)
(15,662)
(16,17)
(22,242)
(24,25)
(24,32)
(24,33)
(24,244)
(24,260)
(24,277)
(24,279)
(25,32)
(25,33)
(25,244)
(25,260)
(25,277)
(25,279)
(26,228)
(26,235)
(26,265)
(26,275)
(27,699)
(28,29)
(30,240)
(32,33)
(32,244)
(32,260)
(32,277)
(32,279)
(33,244)
(33,260)
(33,277)
(33,279)
(37,706)
(38,39)
(38,650)
(39,650)
(41,662)
(42,43)
(42,700)
(43,700)
(46,48)
(46,52)
(46,54)
(46,62)
(46,64)
(46,66)
(46,68)
(46,70)
(46,78)
(46,82)
(46,86)
(46,88)
(46,90)
(46,100)
(46,104)
(46,106)
(46,118)
(46,120)
(46,124)
(46,130)
(46,290)
(46,298)
(46,299)
(46,303)
(46,307)
(46,313)
(46,314)
(46,315)
(46,324)
(46,331)
(46,332)
(46,333)
(46,340)
(46,345)
(46,350)
(46,351)
(46,356)
(46,357)
(46,359)
(46,366)
(46,373)
(46,379)
(46,383)
(46,384)
(46,385)
(46,387)
(46,388)
(46,393)
(46,395)
(46,403)
(46,406)
(46,419)
(46,420)
(46,424)
(46,426)
(46,428)
(46,430)
(46,432)
(46,434)
(46,440)
(46,443)
(46,444)
(46,446)
(46,450)
(46,454)
(46,457)
(46,460)
(46,461)
(46,468)
(46,478)
(46,480)
(46,483)
(46,484)
(46,485)
(47,49)
(47,53)
(47,55)
(47,63)
(47,65)
(47,67)
(47,69)
(47,71)
(47,79)
(47,81)
(47,83)
(47,85)
(47,87)
(47,89)
(47,91)
(47,101)
(47,105)
(47,107)
(47,119)
(47,131)
(47,714)
(47,720)
(47,722)
(47,726)
(47,729)
(47,734)
(47,738)
(47,752)
(47,754)
(48,54)
(48,62)
(48,64)
(48,66)
(48,68)
(48,70)
(48,74)
(48,76)
(48,78)
(48,82)
(48,86)
(48,88)
(48,90)
(48,92)
(48,100)
(48,104)
(48,106)
(48,118)
(48,120)
(48,124)
(48,130)
(48,132)
(48,289)
(48,290)
(48,298)
(48,299)
(48,303)
(48,307)
(48,313)
(48,314)
(48,324)
(48,330)
(48,331)
(48,332)
(48,333)
(48,340)
(48,350)
(48,351)
(48,356)
(48,359)
(48,366)
(48,373)
(48,383)
(48,384)
(48,385)
(48,387)
(48,388)
(48,389)
(48,393)
(48,395)
(48,397)
(48,398)
(48,401)
(48,402)
(48,406)
(48,418)
(48,419)
(48,420)
(48,424)
(48,426)
(48,428)
(48,429)
(48,430)
(48,432)
(48,437)
(48,440)
(48,444)
(48,445)
(48,446)
(48,450)
(48,454)
(48,457)
(48,460)
(48,461)
(48,468)
(48,478)
(48,480)
(48,484)
(48,485)
(48,486)
(49,55)
(49,63)
(49,65)
(49,67)
(49,69)
(49,71)
(49,73)
(49,75)
(49,77)
(49,79)
(49,81)
(49,83)
(49,85)
(49,87)
(49,89)
(49,91)
(49,93)
(49,101)
(49,105)
(49,107)
(49,119)
(49,121)
(49,131)
(49,133)
(49,717)
(49,720)
(49,722)
(49,729)
(49,734)
(49,738)
(49,752)
(49,754)
(49,764)
(49,765)
(50,54)
(50,62)
(50,66)
(50,68)
(50,70)
(50,76)
(50,78)
(50,82)
(50,86)
(50,88)
(50,100)
(50,102)
(50,106)
(50,118)
(50,120)
(50,130)
(50,289)
(50,290)
(50,303)
(50,307)
(50,313)
(50,315)
(50,332)
(50,333)
(50,345)
(50,350)
(50,351)
(50,356)
(50,357)
(50,389)
(50,393)
(50,398)
(50,406)
(50,418)
(50,420)
(50,424)
(50,426)
(50,430)
(50,432)
(50,434)
(50,443)
(50,445)
(50,450)
(50,454)
(50,460)
(50,475)
(50,478)
(50,484)
(51,55)
(51,63)
(51,67)
(51,69)
(51,71)
(51,73)
(51,77)
(51,79)
(51,83)
(51,87)
(51,89)
(51,101)
(51,103)
(51,107)
(51,119)
(51,131)
(51,714)
(51,720)
(51,729)
(51,734)
(51,738)
(51,749)
(51,754)
(51,765)
(52,54)
(52,62)
(52,74)
(52,102)
(52,118)
(52,124)
(52,130)
(52,290)
(52,298)
(52,299)
(52,303)
(52,314)
(52,331)
(52,332)
(52,340)
(52,366)
(52,373)
(52,379)
(52,388)
(52,395)
(52,403)
(52,406)
(52,419)
(52,424)
(52,426)
(52,434)
(52,437)
(52,443)
(52,444)
(52,446)
(52,475)
(52,480)
(52,484)
(52,485)
(53,55)
(53,63)
(53,75)
(53,81)
(53,103)
(53,119)
(53,131)
(53,714)
(53,722)
(53,726)
(53,764)
(54,62)
(54,64)
(54,66)
(54,70)
(54,74)
(54,76)
(54,78)
(54,82)
(54,86)
(54,88)
(54,90)
(54,92)
(54,100)
(54,102)
(54,104)
(54,106)
(54,118)
(54,120)
(54,124)
(54,130)
(54,132)
(54,289)
(54,290)
(54,298)
(54,299)
(54,307)
(54,313)
(54,314)
(54,315)
(54,324)
(54,330)
(54,331)
(54,332)
(54,333)
(54,340)
(54,345)
(54,350)
(54,351)
(54,356)
(54,359)
(54,373)
(54,383)
(54,384)
(54,385)
(54,387)
(54,388)
(54,389)
(54,393)
(54,395)
(54,397)
(54,398)
(54,401)
(54,402)
(54,406)
(54,418)
(54,419)
(54,420)
(54,424)
(54,426)
(54,428)
(54,429)
(54,430)
(54,432)
(54,437)
(54,440)
(54,443)
(54,444)
(54,445)
(54,446)
(54,450)
(54,454)
(54,457)
(54,460)
(54,461)
(54,468)
(54,480)
(54,484)
(54,485)
(54,486)
(55,63)
(55,65)
(55,67)
(55,71)
(55,73)
(55,75)
(55,77)
(55,79)
(55,81)
(55,83)
(55,85)
(55,87)
(55,89)
(55,91)
(55,93)
(55,101)
(55,103)
(55,105)
(55,107)
(55,119)
(55,121)
(55,131)
(55,133)
(55,714)
(55,717)
(55,720)
(55,722)
(55,729)
(55,734)
(55,738)
(55,752)
(55,764)
(55,765)
(57,99)
(57,725)
(57,733)
(58,352)
(58,464)
(58,474)
(59,117)
(59,713)
(59,745)
(59,746)
(59,761)
(59,766)
(61,743)
(62,64)
(62,66)
(62,68)
(62,70)
(62,74)
(62,76)
(62,78)
(62,86)
(62,88)
(62,90)
(62,92)
(62,100)
(62,102)
(62,104)
(62,106)
(62,118)
(62,120)
(62,124)
(62,130)
(62,132)
(62,289)
(62,290)
(62,298)
(62,303)
(62,307)
(62,313)
(62,314)
(62,315)
(62,324)
(62,330)
(62,331)
(62,332)
(62,333)
(62,340)
(62,345)
(62,350)
(62,351)
(62,356)
(62,359)
(62,373)
(62,379)
(62,383)
(62,384)
(62,385)
(62,387)
(62,389)
(62,393)
(62,395)
(62,397)
(62,398)
(62,401)
(62,402)
(62,403)
(62,406)
(62,418)
(62,419)
(62,420)
(62,426)
(62,428)
(62,429)
(62,430)
(62,434)
(62,437)
(62,440)
(62,443)
(62,445)
(62,454)
(62,457)
(62,458)
(62,460)
(62,461)
(62,468)
(62,478)
(62,480)
(62,484)
(62,485)
(62,486)
(63,65)
(63,67)
(63,69)
(63,71)
(63,73)
(63,75)
(63,77)
(63,79)
(63,81)
(63,85)
(63,87)
(63,89)
(63,91)
(63,93)
(63,101)
(63,103)
(63,105)
(63,107)
(63,119)
(63,121)
(63,131)
(63,133)
(63,714)
(63,719)
(63,720)
(63,722)
(63,729)
(63,734)
(63,738)
(63,749)
(63,752)
(63,754)
(63,764)
(63,765)
(64,66)
(64,68)
(64,70)
(64,74)
(64,76)
(64,78)
(64,86)
(64,88)
(64,90)
(64,92)
(64,100)
(64,102)
(64,104)
(64,106)
(64,118)
(64,120)
(64,124)
(64,130)
(64,132)
(64,289)
(64,290)
(64,298)
(64,303)
(64,307)
(64,314)
(64,315)
(64,324)
(64,330)
(64,331)
(64,332)
(64,333)
(64,340)
(64,350)
(64,351)
(64,359)
(64,366)
(64,373)
(64,379)
(64,383)
(64,384)
(64,385)
(64,387)
(64,389)
(64,393)
(64,395)
(64,397)
(64,398)
(64,401)
(64,402)
(64,403)
(64,406)
(64,418)
(64,420)
(64,426)
(64,428)
(64,429)
(64,430)
(64,434)
(64,437)
(64,440)
(64,443)
(64,445)
(64,454)
(64,457)
(64,458)
(64,460)
(64,461)
(64,468)
(64,478)
(64,480)
(64,484)
(64,485)
(64,486)
(65,67)
(65,69)
(65,71)
(65,73)
(65,75)
(65,77)
(65,79)
(65,81)
(65,85)
(65,87)
(65,89)
(65,91)
(65,93)
(65,101)
(65,103)
(65,105)
(65,107)
(65,119)
(65,121)
(65,131)
(65,133)
(65,714)
(65,720)
(65,722)
(65,729)
(65,734)
(65,738)
(65,749)
(65,752)
(65,754)
(65,764)
(65,765)
(66,68)
(66,70)
(66,74)
(66,76)
(66,78)
(66,86)
(66,88)
(66,90)
(66,92)
(66,100)
(66,104)
(66,106)
(66,118)
(66,120)
(66,124)
(66,130)
(66,132)
(66,289)
(66,290)
(66,298)
(66,299)
(66,303)
(66,307)
(66,314)
(66,315)
(66,324)
(66,330)
(66,333)
(66,340)
(66,350)
(66,351)
(66,357)
(66,359)
(66,366)
(66,373)
(66,379)
(66,383)
(66,384)
(66,385)
(66,387)
(66,389)
(66,393)
(66,395)
(66,397)
(66,398)
(66,401)
(66,402)
(66,403)
(66,406)
(66,418)
(66,420)
(66,426)
(66,428)
(66,429)
(66,430)
(66,434)
(66,437)
(66,440)
(66,443)
(66,445)
(66,446)
(66,450)
(66,454)
(66,457)
(66,458)
(66,460)
(66,461)
(66,468)
(66,475)
(66,478)
(66,480)
(66,484)
(66,485)
(66,486)
(67,69)
(67,71)
(67,73)
(67,75)
(67,77)
(67,79)
(67,81)
(67,85)
(67,87)
(67,89)
(67,91)
(67,93)
(67,101)
(67,105)
(67,107)
(67,119)
(67,121)
(67,131)
(67,133)
(67,714)
(67,720)
(67,722)
(67,729)
(67,734)
(67,738)
(67,749)
(67,752)
(67,754)
(67,764)
(67,765)
(68,70)
(68,78)
(68,86)
(68,88)
(68,90)
(68,92)
(68,100)
(68,102)
(68,118)
(68,130)
(68,299)
(68,303)
(68,307)
(68,313)
(68,315)
(68,331)
(68,333)
(68,345)
(68,350)
(68,351)
(68,357)
(68,366)
(68,379)
(68,384)
(68,388)
(68,397)
(68,398)
(68,403)
(68,418)
(68,420)
(68,424)
(68,430)
(68,434)
(68,443)
(68,444)
(68,445)
(68,446)
(68,454)
(68,457)
(68,468)
(68,475)
(68,478)
(68,485)
(69,71)
(69,73)
(69,79)
(69,81)
(69,87)
(69,89)
(69,91)
(69,93)
(69,101)
(69,103)
(69,119)
(69,121)
(69,131)
(69,714)
(69,720)
(69,734)
(69,738)
(69,754)
(70,74)
(70,76)
(70,78)
(70,82)
(70,86)
(70,88)
(70,90)
(70,92)
(70,100)
(70,102)
(70,104)
(70,106)
(70,118)
(70,120)
(70,124)
(70,130)
(70,132)
(70,289)
(70,290)
(70,298)
(70,299)
(70,303)
(70,307)
(70,313)
(70,314)
(70,315)
(70,324)
(70,330)
(70,332)
(70,333)
(70,340)
(70,345)
(70,350)
(70,351)
(70,356)
(70,357)
(70,359)
(70,366)
(70,373)
(70,383)
(70,384)
(70,385)
(70,387)
(70,388)
(70,389)
(70,393)
(70,395)
(70,397)
(70,398)
(70,401)
(70,402)
(70,403)
(70,406)
(70,418)
(70,419)
(70,420)
(70,424)
(70,426)
(70,428)
(70,429)
(70,430)
(70,432)
(70,434)
(70,437)
(70,440)
(70,443)
(70,444)
(70,445)
(70,450)
(70,454)
(70,457)
(70,458)
(70,460)
(70,461)
(70,468)
(70,478)
(70,480)
(70,484)
(70,485)
(70,486)
(71,73)
(71,75)
(71,77)
(71,79)
(71,81)
(71,83)
(71,85)
(71,87)
(71,89)
(71,91)
(71,93)
(71,101)
(71,103)
(71,105)
(71,107)
(71,119)
(71,121)
(71,131)
(71,133)
(71,714)
(71,719)
(71,720)
(71,722)
(71,729)
(71,734)
(71,738)
(71,749)
(71,752)
(71,754)
(71,764)
(71,765)
(73,75)
(73,77)
(73,79)
(73,81)
(73,85)
(73,87)
(73,89)
(73,91)
(73,93)
(73,101)
(73,105)
(73,107)
(73,119)
(73,121)
(73,131)
(73,133)
(73,714)
(73,719)
(73,720)
(73,722)
(73,729)
(73,734)
(73,738)
(73,749)
(73,752)
(73,754)
(73,764)
(73,765)
(74,76)
(74,78)
(74,86)
(74,88)
(74,90)
(74,92)
(74,100)
(74,104)
(74,106)
(74,120)
(74,124)
(74,130)
(74,132)
(74,289)
(74,290)
(74,298)
(74,307)
(74,314)
(74,324)
(74,330)
(74,331)
(74,333)
(74,340)
(74,350)
(74,351)
(74,359)
(74,373)
(74,383)
(74,384)
(74,385)
(74,387)
(74,388)
(74,389)
(74,393)
(74,395)
(74,397)
(74,398)
(74,401)
(74,402)
(74,403)
(74,406)
(74,418)
(74,420)
(74,424)
(74,426)
(74,428)
(74,429)
(74,430)
(74,437)
(74,440)
(74,444)
(74,445)
(74,454)
(74,457)
(74,460)
(74,461)
(74,468)
(74,480)
(74,484)
(74,485)
(74,486)
(75,77)
(75,79)
(75,81)
(75,85)
(75,87)
(75,89)
(75,91)
(75,93)
(75,101)
(75,105)
(75,107)
(75,121)
(75,131)
(75,133)
(75,720)
(75,722)
(75,729)
(75,738)
(75,749)
(75,752)
(75,764)
(75,765)
(76,78)
(76,86)
(76,88)
(76,90)
(76,92)
(76,100)
(76,102)
(76,104)
(76,106)
(76,118)
(76,120)
(76,124)
(76,130)
(76,132)
(76,289)
(76,290)
(76,294)
(76,298)
(76,307)
(76,314)
(76,315)
(76,324)
(76,330)
(76,331)
(76,332)
(76,333)
(76,340)
(76,345)
(76,350)
(76,351)
(76,357)
(76,359)
(76,373)
(76,383)
(76,384)
(76,385)
(76,387)
(76,389)
(76,393)
(76,395)
(76,397)
(76,398)
(76,401)
(76,402)
(76,406)
(76,418)
(76,419)
(76,420)
(76,426)
(76,428)
(76,429)
(76,430)
(76,437)
(76,440)
(76,443)
(76,444)
(76,445)
(76,454)
(76,457)
(76,458)
(76,460)
(76,461)
(76,468)
(76,480)
(76,484)
(76,485)
(76,486)
(77,79)
(77,81)
(77,85)
(77,87)
(77,89)
(77,91)
(77,93)
(77,101)
(77,103)
(77,105)
(77,107)
(77,119)
(77,121)
(77,131)
(77,133)
(77,714)
(77,720)
(77,722)
(77,729)
(77,738)
(77,749)
(77,752)
(77,764)
(77,765)
(78,82)
(78,86)
(78,88)
(78,90)
(78,92)
(78,100)
(78,104)
(78,106)
(78,118)
(78,120)
(78,124)
(78,130)
(78,132)
(78,289)
(78,290)
(78,298)
(78,299)
(78,303)
(78,307)
(78,313)
(78,314)
(78,324)
(78,330)
(78,331)
(78,332)
(78,333)
(78,340)
(78,350)
(78,351)
(78,356)
(78,359)
(78,366)
(78,373)
(78,383)
(78,384)
(78,385)
(78,387)
(78,388)
(78,389)
(78,393)
(78,395)
(78,397)
(78,398)
(78,401)
(78,402)
(78,406)
(78,418)
(78,420)
(78,424)
(78,426)
(78,428)
(78,429)
(78,430)
(78,432)
(78,437)
(78,440)
(78,445)
(78,446)
(78,450)
(78,454)
(78,457)
(78,460)
(78,461)
(78,468)
(78,478)
(78,480)
(78,484)
(78,485)
(78,486)
(79,81)
(79,83)
(79,85)
(79,87)
(79,89)
(79,91)
(79,93)
(79,101)
(79,105)
(79,107)
(79,119)
(79,121)
(79,131)
(79,133)
(79,717)
(79,720)
(79,722)
(79,729)
(79,734)
(79,738)
(79,749)
(79,752)
(79,754)
(79,764)
(79,765)
(80,308)
(81,83)
(81,85)
(81,87)
(81,89)
(81,91)
(81,93)
(81,101)
(81,105)
(81,107)
(81,119)
(81,121)
(81,131)
(81,133)
(81,720)
(81,722)
(81,729)
(81,734)
(81,738)
(81,749)
(81,752)
(81,754)
(81,764)
(81,765)
(82,90)
(82,92)
(82,100)
(82,104)
(82,106)
(82,118)
(82,132)
(82,290)
(82,299)
(82,313)
(82,315)
(82,331)
(82,332)
(82,340)
(82,351)
(82,356)
(82,366)
(82,373)
(82,379)
(82,383)
(82,384)
(82,385)
(82,388)
(82,397)
(82,398)
(82,401)
(82,402)
(82,403)
(82,406)
(82,419)
(82,426)
(82,429)
(82,432)
(82,434)
(82,440)
(82,444)
(82,446)
(82,450)
(82,454)
(82,457)
(82,460)
(82,461)
(82,468)
(82,478)
(83,85)
(83,91)
(83,93)
(83,101)
(83,105)
(83,107)
(83,119)
(83,121)
(83,133)
(83,720)
(83,738)
(83,754)
(83,765)
(84,114)
(84,312)
(85,87)
(85,89)
(85,91)
(85,93)
(85,101)
(85,105)
(85,107)
(85,119)
(85,121)
(85,131)
(85,133)
(85,720)
(85,722)
(85,729)
(85,738)
(85,752)
(85,764)
(85,765)
(86,88)
(86,90)
(86,92)
(86,100)
(86,104)
(86,106)
(86,118)
(86,120)
(86,124)
(86,130)
(86,132)
(86,289)
(86,290)
(86,298)
(86,299)
(86,303)
(86,307)
(86,314)
(86,315)
(86,324)
(86,330)
(86,331)
(86,332)
(86,333)
(86,340)
(86,345)
(86,350)
(86,351)
(86,359)
(86,366)
(86,373)
(86,379)
(86,383)
(86,384)
(86,385)
(86,387)
(86,388)
(86,389)
(86,393)
(86,395)
(86,397)
(86,398)
(86,401)
(86,402)
(86,403)
(86,406)
(86,418)
(86,420)
(86,424)
(86,426)
(86,428)
(86,429)
(86,430)
(86,434)
(86,437)
(86,440)
(86,443)
(86,445)
(86,454)
(86,457)
(86,458)
(86,460)
(86,461)
(86,468)
(86,478)
(86,480)
(86,484)
(86,485)
(86,486)
(87,89)
(87,91)
(87,93)
(87,101)
(87,105)
(87,107)
(87,119)
(87,121)
(87,131)
(87,133)
(87,714)
(87,719)
(87,720)
(87,722)
(87,729)
(87,734)
(87,738)
(87,749)
(87,752)
(87,754)
(87,764)
(87,765)
(88,90)
(88,92)
(88,100)
(88,104)
(88,106)
(88,118)
(88,120)
(88,124)
(88,130)
(88,132)
(88,289)
(88,290)
(88,298)
(88,303)
(88,307)
(88,314)
(88,315)
(88,324)
(88,330)
(88,333)
(88,340)
(88,350)
(88,351)
(88,357)
(88,359)
(88,366)
(88,373)
(88,379)
(88,383)
(88,384)
(88,385)
(88,387)
(88,389)
(88,393)
(88,395)
(88,397)
(88,398)
(88,401)
(88,402)
(88,403)
(88,406)
(88,418)
(88,420)
(88,426)
(88,428)
(88,429)
(88,430)
(88,434)
(88,437)
(88,440)
(88,443)
(88,445)
(88,446)
(88,450)
(88,454)
(88,457)
(88,458)
(88,460)
(88,461)
(88,468)
(88,475)
(88,478)
(88,480)
(88,484)
(88,485)
(88,486)
(89,91)
(89,93)
(89,101)
(89,105)
(89,107)
(89,119)
(89,121)
(89,131)
(89,133)
(89,714)
(89,720)
(89,722)
(89,729)
(89,734)
(89,738)
(89,749)
(89,752)
(89,754)
(89,764)
(89,765)
(90,92)
(90,100)
(90,104)
(90,106)
(90,118)
(90,120)
(90,124)
(90,130)
(90,132)
(90,289)
(90,290)
(90,298)
(90,299)
(90,307)
(90,313)
(90,314)
(90,324)
(90,330)
(90,331)
(90,332)
(90,333)
(90,340)
(90,350)
(90,351)
(90,356)
(90,359)
(90,366)
(90,373)
(90,379)
(90,383)
(90,384)
(90,385)
(90,387)
(90,388)
(90,389)
(90,393)
(90,395)
(90,397)
(90,398)
(90,401)
(90,402)
(90,406)
(90,418)
(90,420)
(90,424)
(90,426)
(90,428)
(90,429)
(90,430)
(90,432)
(90,437)
(90,440)
(90,445)
(90,446)
(90,450)
(90,454)
(90,457)
(90,460)
(90,461)
(90,468)
(90,478)
(90,480)
(90,484)
(90,485)
(90,486)
(91,93)
(91,101)
(91,105)
(91,107)
(91,119)
(91,121)
(91,131)
(91,133)
(91,719)
(91,720)
(91,722)
(91,729)
(91,734)
(91,738)
(91,752)
(91,754)
(91,764)
(91,765)
(92,100)
(92,102)
(92,104)
(92,106)
(92,118)
(92,120)
(92,124)
(92,130)
(92,132)
(92,289)
(92,290)
(92,298)
(92,307)
(92,314)
(92,324)
(92,330)
(92,331)
(92,333)
(92,340)
(92,350)
(92,351)
(92,359)
(92,373)
(92,379)
(92,383)
(92,384)
(92,385)
(92,387)
(92,389)
(92,393)
(92,395)
(92,397)
(92,398)
(92,401)
(92,402)
(92,403)
(92,406)
(92,418)
(92,420)
(92,426)
(92,428)
(92,429)
(92,430)
(92,437)
(92,440)
(92,445)
(92,446)
(92,454)
(92,457)
(92,458)
(92,460)
(92,461)
(92,468)
(92,475)
(92,478)
(92,480)
(92,484)
(92,485)
(92,486)
(93,101)
(93,103)
(93,105)
(93,107)
(93,119)
(93,121)
(93,131)
(93,133)
(93,720)
(93,722)
(93,729)
(93,734)
(93,738)
(93,749)
(93,752)
(93,754)
(93,764)
(93,765)
(95,129)
(95,713)
(95,721)
(95,757)
(95,762)
(97,730)
(97,743)
(99,725)
(99,733)
(100,104)
(100,106)
(100,118)
(100,120)
(100,124)
(100,130)
(100,132)
(100,289)
(100,290)
(100,298)
(100,303)
(100,307)
(100,314)
(100,315)
(100,324)
(100,330)
(100,331)
(100,333)
(100,340)
(100,345)
(100,350)
(100,351)
(100,359)
(100,373)
(100,379)
(100,383)
(100,384)
(100,385)
(100,387)
(100,388)
(100,389)
(100,393)
(100,395)
(100,397)
(100,398)
(100,401)
(100,402)
(100,403)
(100,406)
(100,418)
(100,420)
(100,426)
(100,428)
(100,429)
(100,430)
(100,432)
(100,434)
(100,437)
(100,440)
(100,443)
(100,445)
(100,446)
(100,454)
(100,457)
(100,458)
(100,460)
(100,461)
(100,468)
(100,475)
(100,478)
(100,480)
(100,484)
(100,485)
(100,486)
(101,105)
(101,107)
(101,119)
(101,121)
(101,131)
(101,133)
(101,714)
(101,719)
(101,720)
(101,722)
(101,729)
(101,734)
(101,738)
(101,749)
(101,752)
(101,754)
(101,764)
(101,765)
(102,118)
(102,124)
(102,289)
(102,299)
(102,303)
(102,307)
(102,314)
(102,315)
(102,330)
(102,331)
(102,332)
(102,345)
(102,350)
(102,357)
(102,379)
(102,388)
(102,389)
(102,397)
(102,398)
(102,402)
(102,403)
(102,419)
(102,420)
(102,437)
(102,440)
(102,443)
(102,444)
(102,446)
(102,454)
(102,475)
(102,484)
(102,485)
(102,486)
(103,119)
(103,121)
(103,714)
(103,734)
(103,752)
(103,760)
(103,764)
(103,765)
(104,106)
(104,118)
(104,120)
(104,124)
(104,130)
(104,132)
(104,289)
(104,290)
(104,298)
(104,299)
(104,307)
(104,314)
(104,324)
(104,330)
(104,331)
(104,332)
(104,333)
(104,340)
(104,350)
(104,351)
(104,359)
(104,366)
(104,373)
(104,383)
(104,384)
(104,385)
(104,387)
(104,388)
(104,389)
(104,393)
(104,395)
(104,397)
(104,398)
(104,401)
(104,402)
(104,406)
(104,418)
(104,419)
(104,420)
(104,424)
(104,426)
(104,428)
(104,429)
(104,430)
(104,432)
(104,437)
(104,440)
(104,444)
(104,445)
(104,446)
(104,450)
(104,454)
(104,457)
(104,460)
(104,461)
(104,468)
(104,480)
(104,484)
(104,485)
(104,486)
(105,107)
(105,119)
(105,121)
(105,131)
(105,133)
(105,720)
(105,722)
(105,729)
(105,738)
(105,752)
(105,754)
(105,764)
(105,765)
(106,120)
(106,124)
(106,130)
(106,132)
(106,289)
(106,290)
(106,298)
(106,307)
(106,313)
(106,314)
(106,315)
(106,324)
(106,330)
(106,331)
(106,333)
(106,340)
(106,350)
(106,351)
(106,356)
(106,357)
(106,359)
(106,373)
(106,383)
(106,384)
(106,385)
(106,387)
(106,388)
(106,389)
(106,393)
(106,395)
(106,397)
(106,398)
(106,401)
(106,402)
(106,406)
(106,418)
(106,420)
(106,424)
(106,426)
(106,428)
(106,429)
(106,430)
(106,432)
(106,437)
(106,440)
(106,443)
(106,445)
(106,446)
(106,454)
(106,457)
(106,458)
(106,460)
(106,461)
(106,468)
(106,475)
(106,478)
(106,480)
(106,484)
(106,485)
(106,486)
(107,121)
(107,131)
(107,133)
(107,714)
(107,717)
(107,720)
(107,722)
(107,729)
(107,734)
(107,738)
(107,749)
(107,752)
(107,754)
(107,764)
(107,765)
(109,715)
(114,312)
(116,326)
(116,341)
(116,361)
(117,731)
(117,745)
(117,746)
(117,761)
(117,766)
(118,124)
(118,130)
(118,290)
(118,299)
(118,303)
(118,307)
(118,315)
(118,330)
(118,331)
(118,332)
(118,333)
(118,340)
(118,345)
(118,350)
(118,351)
(118,357)
(118,366)
(118,373)
(118,379)
(118,383)
(118,384)
(118,385)
(118,388)
(118,397)
(118,398)
(118,403)
(118,406)
(118,418)
(118,419)
(118,420)
(118,424)
(118,430)
(118,432)
(118,434)
(118,440)
(118,443)
(118,444)
(118,446)
(118,450)
(118,454)
(118,457)
(118,468)
(118,475)
(118,478)
(118,485)
(119,121)
(119,131)
(119,714)
(119,720)
(119,726)
(119,734)
(119,738)
(119,752)
(119,754)
(119,765)
(120,124)
(120,130)
(120,132)
(120,289)
(120,290)
(120,298)
(120,299)
(120,303)
(120,307)
(120,313)
(120,314)
(120,315)
(120,324)
(120,330)
(120,331)
(120,333)
(120,340)
(120,350)
(120,351)
(120,356)
(120,357)
(120,359)
(120,373)
(120,383)
(120,384)
(120,385)
(120,387)
(120,389)
(120,393)
(120,395)
(120,397)
(120,398)
(120,401)
(120,402)
(120,406)
(120,418)
(120,420)
(120,424)
(120,426)
(120,428)
(120,429)
(120,430)
(120,437)
(120,440)
(120,443)
(120,445)
(120,446)
(120,450)
(120,454)
(120,457)
(120,460)
(120,461)
(120,468)
(120,480)
(120,484)
(120,485)
(120,486)
(121,131)
(121,133)
(121,720)
(121,722)
(121,729)
(121,734)
(121,738)
(121,749)
(121,752)
(121,754)
(121,764)
(121,765)
(122,341)
(122,417)
(123,125)
(123,750)
(123,757)
(124,130)
(124,132)
(124,289)
(124,290)
(124,298)
(124,303)
(124,307)
(124,314)
(124,315)
(124,324)
(124,330)
(124,333)
(124,340)
(124,350)
(124,351)
(124,359)
(124,373)
(124,379)
(124,383)
(124,384)
(124,385)
(124,387)
(124,389)
(124,393)
(124,395)
(124,397)
(124,398)
(124,401)
(124,402)
(124,403)
(124,406)
(124,418)
(124,420)
(124,426)
(124,428)
(124,429)
(124,430)
(124,434)
(124,437)
(124,440)
(124,443)
(124,445)
(124,454)
(124,457)
(124,458)
(124,460)
(124,461)
(124,468)
(124,480)
(124,484)
(124,485)
(124,486)
(125,129)
(125,750)
(129,713)
(129,721)
(129,762)
(130,132)
(130,289)
(130,290)
(130,298)
(130,303)
(130,307)
(130,313)
(130,314)
(130,315)
(130,324)
(130,330)
(130,332)
(130,333)
(130,340)
(130,345)
(130,350)
(130,351)
(130,356)
(130,359)
(130,373)
(130,379)
(130,383)
(130,384)
(130,385)
(130,387)
(130,389)
(130,393)
(130,395)
(130,397)
(130,398)
(130,401)
(130,402)
(130,406)
(130,418)
(130,420)
(130,426)
(130,428)
(130,429)
(130,430)
(130,432)
(130,434)
(130,437)
(130,440)
(130,443)
(130,445)
(130,454)
(130,457)
(130,458)
(130,460)
(130,461)
(130,468)
(130,478)
(130,480)
(130,484)
(130,485)
(130,486)
(131,133)
(131,714)
(131,719)
(131,720)
(131,722)
(131,729)
(131,734)
(131,738)
(131,749)
(131,752)
(131,754)
(131,764)
(131,765)
(132,289)
(132,290)
(132,298)
(132,299)
(132,307)
(132,314)
(132,324)
(132,330)
(132,332)
(132,333)
(132,340)
(132,350)
(132,351)
(132,359)
(132,373)
(132,383)
(132,384)
(132,385)
(132,387)
(132,388)
(132,389)
(132,393)
(132,395)
(132,397)
(132,398)
(132,401)
(132,402)
(132,406)
(132,418)
(132,419)
(132,420)
(132,424)
(132,426)
(132,428)
(132,429)
(132,430)
(132,432)
(132,437)
(132,440)
(132,444)
(132,445)
(132,446)
(132,450)
(132,454)
(132,457)
(132,460)
(132,461)
(132,468)
(132,480)
(132,484)
(132,485)
(132,486)
(133,720)
(133,722)
(133,729)
(133,738)
(133,752)
(133,764)
(133,765)
(134,135)
(134,136)
(134,137)
(134,140)
(134,141)
(134,144)
(134,145)
(134,536)
(134,539)
(134,541)
(134,543)
(134,545)
(134,549)
(134,550)
(134,556)
(134,558)
(134,560)
(134,561)
(134,768)
(134,770)
(134,773)
(134,775)
(134,776)
(134,777)
(134,778)
(134,781)
(134,784)
(134,785)
(135,136)
(135,137)
(135,140)
(135,141)
(135,144)
(135,145)
(135,536)
(135,539)
(135,541)
(135,543)
(135,545)
(135,549)
(135,550)
(135,556)
(135,558)
(135,560)
(135,561)
(135,768)
(135,770)
(135,773)
(135,775)
(135,776)
(135,777)
(135,778)
(135,781)
(135,784)
(135,785)
(136,137)
(136,140)
(136,141)
(136,144)
(136,145)
(136,536)
(136,539)
(136,541)
(136,543)
(136,545)
(136,549)
(136,550)
(136,556)
(136,558)
(136,560)
(136,561)
(136,768)
(136,770)
(136,773)
(136,775)
(136,776)
(136,777)
(136,778)
(136,781)
(136,784)
(136,785)
(137,140)
(137,141)
(137,144)
(137,145)
(137,536)
(137,539)
(137,541)
(137,543)
(137,545)
(137,549)
(137,550)
(137,556)
(137,558)
(137,560)
(137,561)
(137,768)
(137,770)
(137,773)
(137,775)
(137,776)
(137,777)
(137,778)
(137,781)
(137,784)
(137,785)
(138,139)
(138,564)
(138,779)
(139,564)
(139,779)
(140,141)
(140,144)
(140,145)
(140,536)
(140,539)
(140,541)
(140,543)
(140,545)
(140,549)
(140,550)
(140,556)
(140,558)
(140,560)
(140,561)
(140,768)
(140,770)
(140,773)
(140,775)
(140,776)
(140,777)
(140,778)
(140,781)
(140,784)
(140,785)
(141,144)
(141,145)
(141,536)
(141,539)
(141,541)
(141,543)
(141,545)
(141,549)
(141,550)
(141,556)
(141,558)
(141,560)
(141,561)
(141,768)
(141,770)
(141,773)
(141,775)
(141,776)
(141,777)
(141,778)
(141,781)
(141,784)
(141,785)
(142,143)
(142,540)
(142,552)
(142,554)
(142,772)
(142,782)
(142,783)
(143,540)
(143,552)
(143,554)
(143,772)
(143,782)
(143,783)
(144,145)
(144,536)
(144,539)
(144,541)
(144,543)
(144,545)
(144,549)
(144,550)
(144,556)
(144,558)
(144,560)
(144,561)
(144,768)
(144,770)
(144,773)
(144,775)
(144,776)
(144,777)
(144,778)
(144,781)
(144,784)
(144,785)
(145,536)
(145,539)
(145,541)
(145,543)
(145,545)
(145,549)
(145,550)
(145,556)
(145,558)
(145,560)
(145,561)
(145,768)
(145,770)
(145,773)
(145,775)
(145,776)
(145,777)
(145,778)
(145,781)
(145,784)
(145,785)
(146,147)
(146,537)
(146,544)
(146,547)
(146,555)
(146,563)
(146,769)
(146,771)
(147,537)
(147,544)
(147,547)
(147,555)
(147,563)
(147,769)
(147,771)
(149,155)
(149,163)
(149,171)
(149,179)
(149,181)
(149,185)
(149,505)
(149,534)
(149,803)
(149,815)
(149,819)
(149,820)
(149,830)
(151,152)
(151,153)
(151,156)
(151,157)
(151,158)
(151,159)
(151,167)
(151,825)
(152,153)
(152,156)
(152,157)
(152,825)
(153,157)
(153,825)
(155,163)
(155,178)
(155,179)
(155,180)
(155,181)
(155,182)
(155,183)
(155,184)
(155,185)
(155,498)
(155,505)
(155,517)
(155,522)
(155,534)
(155,787)
(155,793)
(155,817)
(155,819)
(155,820)
(155,822)
(155,830)
(156,157)
(156,825)
(157,825)
(158,159)
(158,167)
(159,167)
(160,161)
(163,171)
(163,178)
(163,180)
(163,182)
(163,183)
(163,184)
(163,185)
(163,498)
(163,505)
(163,517)
(163,522)
(163,534)
(163,787)
(163,793)
(163,817)
(163,819)
(163,820)
(163,822)
(164,165)
(164,176)
(164,177)
(164,496)
(164,786)
(164,795)
(164,798)
(164,823)
(165,798)
(165,823)
(168,169)
(168,500)
(168,518)
(168,525)
(169,500)
(169,518)
(169,525)
(171,178)
(171,179)
(171,180)
(171,181)
(171,185)
(171,517)
(171,803)
(171,815)
(171,819)
(171,820)
(171,830)
(172,173)
(172,491)
(172,801)
(172,809)
(172,814)
(172,827)
(173,491)
(173,801)
(173,809)
(173,814)
(173,827)
(176,177)
(176,786)
(176,798)
(176,823)
(177,786)
(177,798)
(177,823)
(178,179)
(178,180)
(178,181)
(178,182)
(178,183)
(178,184)
(178,185)
(178,498)
(178,505)
(178,517)
(178,522)
(178,534)
(178,787)
(178,793)
(178,817)
(178,819)
(178,820)
(178,822)
(178,830)
(179,180)
(179,181)
(179,505)
(179,517)
(179,534)
(179,793)
(179,803)
(179,815)
(179,817)
(179,819)
(179,820)
(179,830)
(180,181)
(180,182)
(180,183)
(180,184)
(180,185)
(180,498)
(180,505)
(180,517)
(180,522)
(180,534)
(180,787)
(180,793)
(180,817)
(180,819)
(180,820)
(180,822)
(180,830)
(181,505)
(181,517)
(181,534)
(181,793)
(181,803)
(181,815)
(181,817)
(181,819)
(181,820)
(181,830)
(182,183)
(182,184)
(182,498)
(182,505)
(182,517)
(182,522)
(182,533)
(182,534)
(182,787)
(182,793)
(182,803)
(182,815)
(182,817)
(182,819)
(182,822)
(183,184)
(183,498)
(183,505)
(183,517)
(183,522)
(183,533)
(183,534)
(183,787)
(183,793)
(183,803)
(183,815)
(183,817)
(183,819)
(183,822)
(184,185)
(184,498)
(184,505)
(184,517)
(184,522)
(184,534)
(184,787)
(184,793)
(184,817)
(184,819)
(184,822)
(185,505)
(185,517)
(185,522)
(185,534)
(185,793)
(185,817)
(185,819)
(186,187)
(186,791)
(186,824)
(187,791)
(187,824)
(188,189)
(188,593)
(188,604)
(188,832)
(189,593)
(189,604)
(189,832)
(190,191)
(190,631)
(190,841)
(191,631)
(191,841)
(192,193)
(192,606)
(192,612)
(192,618)
(192,839)
(192,847)
(193,606)
(193,612)
(193,618)
(193,839)
(193,847)
(194,195)
(196,197)
(196,220)
(196,221)
(196,579)
(196,610)
(197,220)
(197,221)
(197,579)
(197,610)
(198,199)
(200,201)
(200,581)
(200,640)
(201,581)
(201,640)
(202,203)
(202,212)
(202,213)
(202,218)
(202,219)
(202,570)
(202,571)
(202,599)
(202,603)
(202,607)
(202,614)
(202,622)
(202,844)
(202,846)
(202,853)
(202,855)
(202,859)
(202,861)
(202,862)
(203,218)
(203,219)
(203,571)
(203,614)
(203,622)
(203,633)
(203,842)
(204,205)
(206,207)
(206,592)
(206,598)
(206,629)
(206,634)
(207,592)
(207,598)
(207,629)
(207,634)
(208,209)
(208,210)
(208,211)
(208,214)
(208,215)
(208,218)
(208,219)
(208,570)
(208,575)
(208,600)
(208,614)
(208,622)
(208,623)
(208,642)
(208,846)
(208,848)
(208,853)
(208,857)
(208,862)
(208,863)
(209,210)
(209,211)
(209,214)
(209,215)
(209,218)
(209,219)
(209,570)
(209,575)
(209,600)
(209,614)
(209,622)
(209,623)
(209,642)
(209,846)
(209,848)
(209,853)
(209,857)
(209,862)
(209,863)
(210,211)
(210,570)
(210,843)
(211,570)
(211,843)
(212,213)
(212,218)
(212,219)
(212,571)
(212,575)
(212,603)
(212,614)
(212,633)
(212,642)
(212,844)
(212,846)
(212,855)
(212,859)
(212,861)
(213,218)
(213,219)
(213,571)
(213,575)
(213,603)
(213,614)
(213,633)
(213,642)
(213,844)
(213,846)
(213,855)
(213,859)
(213,861)
(214,215)
(214,218)
(214,219)
(214,575)
(214,603)
(214,605)
(214,614)
(214,622)
(214,642)
(214,844)
(214,848)
(214,857)
(214,863)
(215,218)
(215,219)
(215,575)
(215,603)
(215,605)
(215,614)
(215,622)
(215,642)
(215,844)
(215,848)
(215,857)
(215,863)
(216,217)
(216,573)
(216,613)
(216,636)
(216,860)
(217,573)
(217,613)
(217,636)
(217,860)
(218,219)
(218,570)
(218,571)
(218,575)
(218,603)
(218,605)
(218,614)
(218,622)
(218,642)
(218,838)
(218,844)
(218,846)
(218,848)
(218,857)
(218,863)
(219,570)
(219,571)
(219,575)
(219,603)
(219,605)
(219,614)
(219,622)
(219,642)
(219,838)
(219,844)
(219,846)
(219,848)
(219,857)
(219,863)
(220,221)
(220,579)
(220,610)
(221,579)
(221,610)
(222,223)
(222,602)
(222,834)
(222,835)
(223,602)
(223,834)
(223,835)
(227,269)
(227,278)
(228,235)
(228,265)
(228,275)
(229,271)
(233,251)
(233,261)
(233,270)
(235,265)
(235,275)
(239,281)
(244,260)
(244,277)
(244,279)
(249,256)
(249,276)
(251,253)
(251,261)
(251,270)
(253,261)
(253,270)
(255,257)
(256,276)
(260,277)
(260,279)
(261,270)
(265,275)
(267,273)
(269,278)
(277,279)
(286,336)
(286,361)
(286,411)
(286,422)
(286,469)
(286,472)
(287,382)
(287,413)
(287,414)
(289,290)
(289,298)
(289,307)
(289,314)
(289,324)
(289,330)
(289,333)
(289,340)
(289,350)
(289,351)
(289,357)
(289,359)
(289,373)
(289,383)
(289,384)
(289,385)
(289,387)
(289,389)
(289,393)
(289,395)
(289,397)
(289,398)
(289,401)
(289,402)
(289,403)
(289,406)
(289,418)
(289,420)
(289,426)
(289,428)
(289,429)
(289,430)
(289,434)
(289,437)
(289,440)
(289,445)
(289,454)
(289,457)
(289,458)
(289,460)
(289,461)
(289,468)
(289,475)
(289,478)
(289,480)
(289,484)
(289,485)
(289,486)
(290,298)
(290,307)
(290,313)
(290,314)
(290,324)
(290,330)
(290,332)
(290,333)
(290,340)
(290,350)
(290,351)
(290,356)
(290,359)
(290,373)
(290,383)
(290,384)
(290,385)
(290,387)
(290,389)
(290,393)
(290,395)
(290,397)
(290,398)
(290,401)
(290,402)
(290,406)
(290,418)
(290,420)
(290,424)
(290,426)
(290,428)
(290,429)
(290,430)
(290,432)
(290,437)
(290,440)
(290,445)
(290,450)
(290,454)
(290,457)
(290,460)
(290,461)
(290,468)
(290,478)
(290,480)
(290,484)
(290,485)
(290,486)
(293,368)
(293,386)
(294,314)
(294,389)
(294,458)
(294,485)
(294,486)
(297,335)
(298,299)
(298,307)
(298,314)
(298,324)
(298,330)
(298,332)
(298,333)
(298,340)
(298,350)
(298,351)
(298,359)
(298,366)
(298,373)
(298,383)
(298,384)
(298,385)
(298,387)
(298,389)
(298,393)
(298,395)
(298,397)
(298,398)
(298,401)
(298,402)
(298,406)
(298,418)
(298,419)
(298,420)
(298,424)
(298,426)
(298,428)
(298,429)
(298,430)
(298,432)
(298,437)
(298,440)
(298,445)
(298,454)
(298,457)
(298,458)
(298,460)
(298,461)
(298,468)
(298,480)
(298,484)
(298,485)
(298,486)
(299,303)
(299,331)
(299,332)
(299,333)
(299,340)
(299,345)
(299,356)
(299,357)
(299,366)
(299,373)
(299,379)
(299,383)
(299,384)
(299,385)
(299,387)
(299,388)
(299,397)
(299,398)
(299,401)
(299,402)
(299,403)
(299,419)
(299,424)
(299,426)
(299,428)
(299,429)
(299,432)
(299,440)
(299,443)
(299,444)
(299,446)
(299,450)
(299,454)
(299,457)
(299,468)
(299,480)
(299,483)
(303,307)
(303,315)
(303,324)
(303,331)
(303,333)
(303,345)
(303,350)
(303,351)
(303,356)
(303,357)
(303,359)
(303,366)
(303,379)
(303,383)
(303,388)
(303,389)
(303,403)
(303,418)
(303,419)
(303,420)
(303,424)
(303,426)
(303,430)
(303,434)
(303,437)
(303,443)
(303,444)
(303,445)
(303,454)
(303,475)
(303,478)
(303,483)
(303,485)
(307,314)
(307,315)
(307,324)
(307,330)
(307,331)
(307,332)
(307,333)
(307,340)
(307,350)
(307,351)
(307,357)
(307,359)
(307,366)
(307,373)
(307,379)
(307,383)
(307,384)
(307,385)
(307,387)
(307,389)
(307,393)
(307,395)
(307,397)
(307,398)
(307,401)
(307,402)
(307,403)
(307,406)
(307,418)
(307,420)
(307,426)
(307,428)
(307,429)
(307,430)
(307,434)
(307,437)
(307,440)
(307,443)
(307,445)
(307,446)
(307,450)
(307,454)
(307,457)
(307,458)
(307,460)
(307,461)
(307,468)
(307,475)
(307,478)
(307,480)
(307,484)
(307,485)
(307,486)
(308,358)
(311,439)
(311,479)
(313,314)
(313,315)
(313,324)
(313,331)
(313,332)
(313,333)
(313,340)
(313,345)
(313,350)
(313,356)
(313,359)
(313,383)
(313,384)
(313,385)
(313,393)
(313,395)
(313,401)
(313,406)
(313,420)
(313,424)
(313,426)
(313,430)
(313,432)
(313,434)
(313,445)
(313,450)
(313,457)
(313,460)
(313,461)
(313,468)
(313,478)
(313,480)
(313,484)
(314,324)
(314,330)
(314,331)
(314,332)
(314,333)
(314,340)
(314,350)
(314,351)
(314,356)
(314,359)
(314,366)
(314,373)
(314,383)
(314,384)
(314,385)
(314,387)
(314,389)
(314,393)
(314,395)
(314,397)
(314,398)
(314,401)
(314,402)
(314,406)
(314,418)
(314,419)
(314,420)
(314,426)
(314,428)
(314,429)
(314,430)
(314,437)
(314,440)
(314,444)
(314,445)
(314,454)
(314,457)
(314,458)
(314,460)
(314,461)
(314,468)
(314,480)
(314,484)
(314,485)
(314,486)
(315,324)
(315,332)
(315,333)
(315,345)
(315,350)
(315,351)
(315,356)
(315,357)
(315,359)
(315,379)
(315,389)
(315,393)
(315,406)
(315,418)
(315,420)
(315,424)
(315,426)
(315,430)
(315,432)
(315,434)
(315,437)
(315,443)
(315,450)
(315,454)
(315,460)
(315,478)
(315,484)
(315,485)
(318,329)
(324,330)
(324,331)
(324,333)
(324,340)
(324,345)
(324,350)
(324,351)
(324,356)
(324,359)
(324,373)
(324,383)
(324,384)
(324,385)
(324,387)
(324,389)
(324,393)
(324,395)
(324,397)
(324,398)
(324,401)
(324,402)
(324,406)
(324,418)
(324,419)
(324,420)
(324,424)
(324,426)
(324,428)
(324,429)
(324,430)
(324,437)
(324,440)
(324,445)
(324,454)
(324,457)
(324,460)
(324,461)
(324,468)
(324,480)
(324,484)
(324,485)
(324,486)
(326,341)
(326,469)
(326,472)
(327,416)
(330,331)
(330,332)
(330,333)
(330,340)
(330,345)
(330,350)
(330,351)
(330,359)
(330,373)
(330,383)
(330,384)
(330,385)
(330,387)
(330,389)
(330,393)
(330,395)
(330,397)
(330,398)
(330,401)
(330,402)
(330,406)
(330,418)
(330,419)
(330,420)
(330,426)
(330,428)
(330,429)
(330,430)
(330,437)
(330,440)
(330,444)
(330,445)
(330,454)
(330,457)
(330,460)
(330,461)
(330,468)
(330,480)
(330,484)
(330,485)
(330,486)
(331,332)
(331,345)
(331,351)
(331,356)
(331,359)
(331,366)
(331,373)
(331,379)
(331,383)
(331,384)
(331,385)
(331,388)
(331,393)
(331,395)
(331,397)
(331,401)
(331,402)
(331,403)
(331,406)
(331,419)
(331,420)
(331,424)
(331,426)
(331,430)
(331,440)
(331,443)
(331,444)
(331,446)
(331,450)
(331,454)
(331,457)
(331,460)
(331,461)
(331,468)
(331,475)
(331,478)
(331,484)
(331,485)
(332,340)
(332,356)
(332,366)
(332,373)
(332,383)
(332,384)
(332,385)
(332,387)
(332,388)
(332,397)
(332,398)
(332,401)
(332,402)
(332,419)
(332,420)
(332,424)
(332,426)
(332,428)
(332,429)
(332,432)
(332,434)
(332,440)
(332,444)
(332,446)
(332,450)
(332,454)
(332,457)
(332,468)
(332,478)
(332,480)
(332,484)
(332,485)
(333,340)
(333,345)
(333,350)
(333,351)
(333,356)
(333,359)
(333,373)
(333,379)
(333,383)
(333,384)
(333,385)
(333,387)
(333,389)
(333,393)
(333,395)
(333,397)
(333,398)
(333,401)
(333,402)
(333,406)
(333,418)
(333,420)
(333,426)
(333,428)
(333,429)
(333,430)
(333,434)
(333,437)
(333,440)
(333,443)
(333,445)
(333,454)
(333,457)
(333,458)
(333,460)
(333,461)
(333,468)
(333,478)
(333,480)
(333,484)
(333,485)
(333,486)
(336,361)
(336,422)
(336,469)
(336,472)
(339,349)
(340,350)
(340,351)
(340,356)
(340,359)
(340,373)
(340,383)
(340,384)
(340,385)
(340,387)
(340,388)
(340,389)
(340,393)
(340,395)
(340,397)
(340,398)
(340,401)
(340,402)
(340,406)
(340,418)
(340,419)
(340,420)
(340,426)
(340,428)
(340,429)
(340,430)
(340,432)
(340,437)
(340,440)
(340,444)
(340,445)
(340,446)
(340,450)
(340,454)
(340,457)
(340,460)
(340,461)
(340,468)
(340,480)
(340,484)
(340,485)
(340,486)
(341,459)
(344,361)
(345,350)
(345,351)
(345,357)
(345,359)
(345,366)
(345,379)
(345,384)
(345,388)
(345,393)
(345,397)
(345,403)
(345,418)
(345,420)
(345,424)
(345,426)
(345,430)
(345,434)
(345,443)
(345,444)
(345,454)
(345,468)
(345,475)
(345,478)
(345,486)
(346,409)
(347,433)
(347,449)
(350,351)
(350,357)
(350,359)
(350,373)
(350,379)
(350,383)
(350,384)
(350,385)
(350,387)
(350,389)
(350,393)
(350,395)
(350,397)
(350,398)
(350,401)
(350,402)
(350,406)
(350,418)
(350,420)
(350,426)
(350,428)
(350,429)
(350,430)
(350,434)
(350,437)
(350,440)
(350,443)
(350,445)
(350,454)
(350,457)
(350,458)
(350,460)
(350,461)
(350,468)
(350,478)
(350,480)
(350,484)
(350,485)
(350,486)
(351,359)
(351,373)
(351,379)
(351,383)
(351,384)
(351,385)
(351,387)
(351,388)
(351,389)
(351,393)
(351,395)
(351,397)
(351,398)
(351,401)
(351,402)
(351,403)
(351,406)
(351,418)
(351,420)
(351,426)
(351,428)
(351,429)
(351,430)
(351,432)
(351,434)
(351,437)
(351,440)
(351,443)
(351,445)
(351,454)
(351,457)
(351,460)
(351,461)
(351,468)
(351,478)
(351,480)
(351,484)
(351,485)
(351,486)
(354,404)
(355,470)
(355,488)
(356,359)
(356,383)
(356,384)
(356,385)
(356,393)
(356,401)
(356,406)
(356,424)
(356,426)
(356,432)
(356,434)
(356,445)
(356,450)
(356,457)
(356,460)
(356,461)
(356,468)
(356,478)
(356,480)
(356,484)
(357,366)
(357,379)
(357,388)
(357,389)
(357,398)
(357,403)
(357,418)
(357,424)
(357,430)
(357,434)
(357,443)
(357,444)
(357,446)
(357,450)
(357,454)
(357,460)
(357,475)
(357,478)
(359,373)
(359,383)
(359,384)
(359,385)
(359,387)
(359,389)
(359,393)
(359,395)
(359,397)
(359,398)
(359,401)
(359,402)
(359,406)
(359,418)
(359,419)
(359,420)
(359,424)
(359,426)
(359,428)
(359,429)
(359,430)
(359,437)
(359,440)
(359,445)
(359,454)
(359,457)
(359,460)
(359,461)
(359,468)
(359,480)
(359,484)
(359,485)
(359,486)
(361,422)
(361,469)
(361,472)
(362,473)
(363,441)
(366,373)
(366,379)
(366,384)
(366,387)
(366,388)
(366,389)
(366,401)
(366,403)
(366,419)
(366,424)
(366,426)
(366,428)
(366,430)
(366,440)
(366,443)
(366,444)
(366,446)
(366,450)
(366,454)
(366,460)
(366,468)
(366,480)
(366,483)
(366,485)
(368,386)
(373,379)
(373,383)
(373,384)
(373,385)
(373,387)
(373,388)
(373,389)
(373,393)
(373,395)
(373,397)
(373,398)
(373,401)
(373,402)
(373,406)
(373,418)
(373,419)
(373,420)
(373,424)
(373,426)
(373,428)
(373,429)
(373,430)
(373,432)
(373,437)
(373,440)
(373,445)
(373,446)
(373,450)
(373,454)
(373,457)
(373,458)
(373,460)
(373,461)
(373,468)
(373,480)
(373,484)
(373,485)
(373,486)
(379,388)
(379,389)
(379,397)
(379,398)
(379,403)
(379,406)
(379,419)
(379,420)
(379,430)
(379,432)
(379,434)
(379,437)
(379,443)
(379,446)
(379,454)
(379,468)
(379,475)
(379,478)
(379,485)
(382,413)
(382,414)
(383,384)
(383,385)
(383,387)
(383,388)
(383,389)
(383,393)
(383,395)
(383,397)
(383,398)
(383,401)
(383,402)
(383,406)
(383,418)
(383,419)
(383,420)
(383,424)
(383,426)
(383,428)
(383,429)
(383,430)
(383,432)
(383,437)
(383,440)
(383,444)
(383,445)
(383,446)
(383,450)
(383,454)
(383,457)
(383,460)
(383,461)
(383,468)
(383,480)
(383,484)
(383,485)
(383,486)
(384,385)
(384,387)
(384,388)
(384,389)
(384,393)
(384,395)
(384,397)
(384,398)
(384,401)
(384,402)
(384,406)
(384,418)
(384,420)
(384,424)
(384,426)
(384,428)
(384,429)
(384,430)
(384,432)
(384,437)
(384,440)
(384,443)
(384,445)
(384,446)
(384,450)
(384,454)
(384,457)
(384,460)
(384,461)
(384,468)
(384,478)
(384,480)
(384,484)
(384,485)
(384,486)
(385,387)
(385,388)
(385,389)
(385,393)
(385,395)
(385,397)
(385,398)
(385,401)
(385,402)
(385,406)
(385,418)
(385,419)
(385,420)
(385,424)
(385,426)
(385,428)
(385,429)
(385,430)
(385,432)
(385,437)
(385,440)
(385,444)
(385,445)
(385,446)
(385,450)
(385,454)
(385,457)
(385,460)
(385,461)
(385,468)
(385,480)
(385,484)
(385,485)
(385,486)
(387,389)
(387,393)
(387,395)
(387,397)
(387,398)
(387,401)
(387,402)
(387,406)
(387,418)
(387,419)
(387,420)
(387,424)
(387,426)
(387,428)
(387,429)
(387,430)
(387,437)
(387,440)
(387,445)
(387,454)
(387,457)
(387,458)
(387,460)
(387,461)
(387,468)
(387,480)
(387,484)
(387,485)
(387,486)
(388,397)
(388,398)
(388,401)
(388,402)
(388,403)
(388,406)
(388,419)
(388,424)
(388,426)
(388,428)
(388,429)
(388,432)
(388,440)
(388,444)
(388,446)
(388,450)
(388,454)
(388,457)
(388,460)
(388,461)
(388,468)
(388,480)
(388,483)
(389,393)
(389,395)
(389,397)
(389,398)
(389,401)
(389,402)
(389,406)
(389,418)
(389,420)
(389,426)
(389,428)
(389,429)
(389,430)
(389,434)
(389,437)
(389,440)
(389,443)
(389,445)
(389,454)
(389,457)
(389,458)
(389,460)
(389,461)
(389,468)
(389,480)
(389,484)
(389,485)
(389,486)
(390,412)
(390,470)
(393,395)
(393,397)
(393,398)
(393,401)
(393,402)
(393,406)
(393,418)
(393,420)
(393,424)
(393,426)
(393,428)
(393,429)
(393,430)
(393,434)
(393,437)
(393,440)
(393,445)
(393,446)
(393,450)
(393,454)
(393,457)
(393,460)
(393,461)
(393,468)
(393,478)
(393,480)
(393,484)
(393,485)
(393,486)
(394,470)
(394,488)
(395,397)
(395,398)
(395,401)
(395,402)
(395,406)
(395,418)
(395,420)
(395,424)
(395,426)
(395,428)
(395,429)
(395,430)
(395,432)
(395,437)
(395,440)
(395,445)
(395,454)
(395,457)
(395,460)
(395,461)
(395,468)
(395,480)
(395,484)
(395,485)
(395,486)
(397,398)
(397,401)
(397,402)
(397,403)
(397,406)
(397,418)
(397,420)
(397,426)
(397,428)
(397,429)
(397,430)
(397,432)
(397,437)
(397,440)
(397,444)
(397,445)
(397,446)
(397,450)
(397,454)
(397,457)
(397,460)
(397,461)
(397,468)
(397,478)
(397,480)
(397,484)
(397,485)
(397,486)
(398,401)
(398,402)
(398,403)
(398,406)
(398,418)
(398,420)
(398,426)
(398,428)
(398,429)
(398,430)
(398,432)
(398,434)
(398,437)
(398,440)
(398,445)
(398,446)
(398,450)
(398,454)
(398,457)
(398,460)
(398,461)
(398,468)
(398,475)
(398,478)
(398,480)
(398,484)
(398,485)
(398,486)
(401,402)
(401,406)
(401,418)
(401,419)
(401,420)
(401,426)
(401,428)
(401,429)
(401,430)
(401,432)
(401,437)
(401,440)
(401,444)
(401,445)
(401,446)
(401,450)
(401,454)
(401,457)
(401,460)
(401,461)
(401,468)
(401,480)
(401,484)
(401,485)
(401,486)
(402,406)
(402,418)
(402,419)
(402,420)
(402,426)
(402,428)
(402,429)
(402,430)
(402,432)
(402,437)
(402,440)
(402,444)
(402,445)
(402,446)
(402,450)
(402,454)
(402,457)
(402,460)
(402,461)
(402,468)
(402,480)
(402,484)
(402,485)
(402,486)
(403,418)
(403,420)
(403,424)
(403,430)
(403,437)
(403,440)
(403,443)
(403,444)
(403,445)
(403,446)
(403,454)
(403,468)
(403,475)
(403,478)
(403,485)
(403,486)
(406,418)
(406,420)
(406,424)
(406,426)
(406,428)
(406,429)
(406,430)
(406,432)
(406,437)
(406,440)
(406,443)
(406,445)
(406,454)
(406,457)
(406,460)
(406,461)
(406,468)
(406,480)
(406,484)
(406,485)
(406,486)
(411,469)
(411,472)
(413,414)
(418,420)
(418,426)
(418,428)
(418,429)
(418,430)
(418,434)
(418,437)
(418,440)
(418,443)
(418,445)
(418,454)
(418,457)
(418,460)
(418,461)
(418,468)
(418,475)
(418,478)
(418,480)
(418,484)
(418,485)
(418,486)
(419,424)
(419,426)
(419,428)
(419,429)
(419,440)
(419,443)
(419,444)
(419,446)
(419,450)
(419,457)
(419,475)
(419,480)
(419,484)
(420,426)
(420,428)
(420,429)
(420,430)
(420,434)
(420,437)
(420,440)
(420,443)
(420,445)
(420,454)
(420,457)
(420,460)
(420,461)
(420,468)
(420,478)
(420,480)
(420,484)
(420,485)
(420,486)
(422,469)
(422,472)
(424,426)
(424,428)
(424,429)
(424,443)
(424,444)
(424,446)
(424,457)
(424,460)
(424,461)
(424,468)
(424,475)
(424,478)
(424,480)
(424,483)
(424,484)
(426,428)
(426,429)
(426,430)
(426,432)
(426,434)
(426,437)
(426,440)
(426,443)
(426,445)
(426,450)
(426,454)
(426,457)
(426,460)
(426,461)
(426,468)
(426,478)
(426,480)
(426,484)
(426,485)
(426,486)
(428,429)
(428,430)
(428,437)
(428,440)
(428,445)
(428,454)
(428,457)
(428,458)
(428,460)
(428,461)
(428,468)
(428,480)
(428,484)
(428,485)
(428,486)
(429,430)
(429,432)
(429,437)
(429,440)
(429,444)
(429,445)
(429,446)
(429,450)
(429,454)
(429,457)
(429,460)
(429,461)
(429,468)
(429,480)
(429,484)
(429,485)
(429,486)
(430,434)
(430,437)
(430,440)
(430,443)
(430,445)
(430,450)
(430,454)
(430,457)
(430,460)
(430,461)
(430,468)
(430,478)
(430,480)
(430,484)
(430,485)
(430,486)
(432,434)
(432,440)
(432,446)
(432,450)
(432,454)
(432,457)
(432,460)
(432,461)
(432,468)
(432,478)
(433,449)
(434,437)
(434,443)
(434,450)
(434,454)
(434,475)
(434,478)
(434,485)
(437,440)
(437,443)
(437,445)
(437,454)
(437,457)
(437,458)
(437,460)
(437,461)
(437,468)
(437,475)
(437,480)
(437,484)
(437,485)
(437,486)
(440,444)
(440,445)
(440,446)
(440,450)
(440,454)
(440,457)
(440,460)
(440,461)
(440,468)
(440,478)
(440,480)
(440,484)
(440,485)
(440,486)
(443,446)
(443,454)
(443,460)
(443,475)
(443,478)
(443,484)
(443,485)
(444,446)
(444,450)
(444,457)
(444,475)
(444,484)
(444,485)
(444,486)
(445,454)
(445,457)
(445,460)
(445,461)
(445,468)
(445,478)
(445,480)
(445,484)
(445,485)
(445,486)
(446,450)
(446,454)
(446,457)
(446,468)
(446,475)
(446,478)
(450,454)
(450,457)
(450,460)
(450,468)
(450,478)
(454,457)
(454,460)
(454,461)
(454,468)
(454,478)
(454,480)
(454,484)
(454,485)
(454,486)
(456,465)
(457,460)
(457,461)
(457,468)
(457,480)
(457,484)
(457,485)
(457,486)
(458,480)
(458,485)
(458,486)
(460,461)
(460,468)
(460,480)
(460,484)
(460,485)
(460,486)
(461,468)
(461,480)
(461,484)
(461,485)
(461,486)
(468,478)
(468,480)
(468,484)
(468,485)
(468,486)
(469,472)
(470,488)
(475,478)
(478,485)
(480,484)
(480,485)
(480,486)
(484,485)
(484,486)
(485,486)
(491,801)
(491,809)
(491,814)
(491,827)
(493,794)
(493,799)
(493,812)
(495,524)
(496,798)
(496,823)
(498,505)
(498,517)
(498,522)
(498,533)
(498,534)
(498,787)
(498,793)
(498,803)
(498,815)
(498,817)
(498,819)
(498,822)
(500,518)
(500,525)
(501,513)
(504,530)
(504,532)
(505,517)
(505,522)
(505,534)
(505,787)
(505,793)
(505,817)
(505,819)
(505,820)
(505,822)
(505,830)
(510,795)
(517,522)
(517,534)
(517,787)
(517,793)
(517,803)
(517,817)
(517,819)
(517,820)
(517,822)
(518,525)
(522,534)
(522,787)
(522,793)
(522,817)
(522,819)
(522,822)
(522,830)
(527,806)
(530,532)
(533,787)
(533,822)
(534,787)
(534,793)
(534,817)
(534,819)
(534,820)
(534,822)
(534,830)
(535,547)
(535,769)
(535,771)
(536,539)
(536,541)
(536,543)
(536,545)
(536,549)
(536,550)
(536,556)
(536,558)
(536,560)
(536,561)
(536,768)
(536,770)
(536,773)
(536,775)
(536,776)
(536,777)
(536,778)
(536,781)
(536,784)
(536,785)
(537,544)
(537,547)
(537,555)
(537,563)
(537,769)
(537,771)
(539,541)
(539,543)
(539,545)
(539,549)
(539,550)
(539,556)
(539,558)
(539,560)
(539,561)
(539,768)
(539,770)
(539,773)
(539,775)
(539,776)
(539,777)
(539,778)
(539,781)
(539,784)
(539,785)
(540,552)
(540,554)
(540,772)
(540,782)
(540,783)
(541,543)
(541,545)
(541,549)
(541,550)
(541,556)
(541,558)
(541,560)
(541,561)
(541,768)
(541,770)
(541,773)
(541,775)
(541,776)
(541,777)
(541,778)
(541,781)
(541,784)
(541,785)
(542,557)
(543,545)
(543,549)
(543,550)
(543,556)
(543,558)
(543,560)
(543,561)
(543,768)
(543,770)
(543,773)
(543,775)
(543,776)
(543,777)
(543,778)
(543,781)
(543,784)
(543,785)
(544,547)
(544,555)
(544,563)
(544,769)
(544,771)
(545,549)
(545,550)
(545,556)
(545,558)
(545,560)
(545,561)
(545,768)
(545,770)
(545,773)
(545,775)
(545,776)
(545,777)
(545,778)
(545,781)
(545,784)
(545,785)
(547,555)
(547,563)
(547,769)
(547,771)
(549,550)
(549,556)
(549,558)
(549,560)
(549,561)
(549,768)
(549,770)
(549,773)
(549,775)
(549,776)
(549,777)
(549,778)
(549,781)
(549,784)
(549,785)
(550,556)
(550,558)
(550,560)
(550,561)
(550,768)
(550,770)
(550,773)
(550,775)
(550,776)
(550,777)
(550,778)
(550,781)
(550,784)
(550,785)
(551,553)
(551,559)
(551,562)
(551,774)
(552,554)
(552,772)
(552,782)
(552,783)
(553,559)
(553,562)
(553,774)
(554,772)
(554,782)
(554,783)
(555,563)
(555,769)
(555,771)
(556,558)
(556,560)
(556,561)
(556,768)
(556,770)
(556,773)
(556,775)
(556,776)
(556,777)
(556,778)
(556,781)
(556,784)
(556,785)
(558,560)
(558,561)
(558,768)
(558,770)
(558,773)
(558,775)
(558,776)
(558,777)
(558,778)
(558,781)
(558,784)
(558,785)
(559,562)
(559,774)
(560,561)
(560,768)
(560,770)
(560,773)
(560,775)
(560,776)
(560,777)
(560,778)
(560,781)
(560,784)
(560,785)
(561,768)
(561,770)
(561,773)
(561,775)
(561,776)
(561,777)
(561,778)
(561,781)
(561,784)
(561,785)
(562,774)
(563,769)
(563,771)
(564,779)
(565,577)
(565,612)
(565,644)
(565,833)
(566,597)
(566,615)
(566,620)
(566,632)
(568,618)
(568,643)
(568,837)
(568,846)
(568,862)
(569,589)
(569,639)
(569,850)
(570,575)
(570,585)
(570,603)
(570,614)
(570,633)
(570,642)
(570,838)
(570,846)
(570,848)
(570,857)
(570,863)
(571,614)
(571,633)
(571,842)
(571,861)
(572,607)
(573,613)
(573,636)
(573,860)
(574,593)
(574,638)
(574,832)
(575,576)
(575,600)
(575,605)
(575,614)
(575,622)
(575,623)
(575,642)
(575,838)
(575,846)
(575,848)
(575,857)
(575,863)
(576,600)
(576,614)
(576,622)
(576,623)
(576,642)
(576,848)
(576,857)
(577,612)
(577,622)
(577,644)
(577,833)
(577,851)
(579,614)
(580,591)
(581,582)
(581,589)
(581,595)
(581,611)
(581,617)
(581,639)
(581,640)
(581,642)
(582,595)
(582,617)
(582,640)
(582,858)
(584,608)
(585,589)
(585,598)
(585,614)
(585,619)
(585,630)
(585,639)
(585,850)
(585,854)
(585,862)
(588,627)
(589,639)
(590,594)
(590,607)
(590,630)
(590,643)
(590,838)
(590,858)
(590,862)
(592,598)
(592,629)
(592,634)
(593,604)
(593,832)
(594,630)
(594,642)
(594,643)
(594,838)
(594,855)
(594,857)
(595,617)
(595,640)
(596,616)
(597,615)
(597,620)
(597,632)
(598,629)
(598,634)
(599,628)
(599,641)
(600,623)
(600,838)
(600,846)
(600,848)
(600,857)
(600,863)
(602,834)
(602,835)
(603,614)
(603,633)
(603,844)
(604,832)
(605,614)
(605,622)
(605,630)
(605,642)
(605,851)
(606,839)
(606,847)
(607,858)
(612,630)
(612,644)
(612,833)
(612,852)
(613,636)
(613,860)
(614,622)
(614,639)
(614,642)
(614,643)
(614,838)
(614,844)
(614,846)
(614,848)
(614,857)
(614,862)
(614,863)
(615,620)
(615,632)
(616,639)
(617,640)
(618,837)
(619,850)
(620,632)
(622,639)
(622,642)
(622,843)
(622,848)
(622,851)
(622,857)
(622,863)
(623,838)
(628,641)
(628,840)
(629,634)
(629,850)
(630,639)
(630,643)
(630,838)
(630,852)
(630,858)
(630,862)
(631,841)
(633,844)
(633,846)
(633,861)
(636,860)
(639,642)
(639,857)
(639,862)
(639,863)
(640,858)
(641,840)
(642,848)
(642,857)
(642,863)
(643,846)
(643,848)
(643,862)
(644,833)
(644,852)
(645,672)
(648,657)
(665,677)
(665,689)
(668,678)
(668,709)
(675,690)
(675,707)
(677,689)
(690,707)
(691,701)
(713,721)
(713,762)
(714,729)
(714,734)
(714,752)
(714,754)
(714,764)
(714,765)
(716,724)
(716,740)
(717,719)
(717,738)
(718,739)
(720,722)
(720,729)
(720,734)
(720,738)
(720,752)
(720,754)
(720,764)
(720,765)
(721,762)
(722,729)
(722,738)
(722,749)
(722,752)
(722,764)
(722,765)
(724,740)
(725,733)
(729,738)
(729,749)
(729,752)
(729,754)
(729,764)
(729,765)
(731,745)
(731,746)
(731,761)
(731,766)
(732,763)
(734,738)
(734,754)
(737,742)
(737,759)
(738,749)
(738,752)
(738,754)
(738,764)
(738,765)
(742,759)
(743,760)
(745,746)
(745,761)
(745,766)
(746,761)
(746,766)
(749,752)
(749,754)
(749,764)
(749,765)
(752,764)
(752,765)
(754,765)
(761,766)
(764,765)
(768,770)
(768,773)
(768,775)
(768,776)
(768,777)
(768,778)
(768,781)
(768,784)
(768,785)
(769,771)
(770,773)
(770,775)
(770,776)
(770,777)
(770,778)
(770,781)
(770,784)
(770,785)
(772,782)
(772,783)
(773,775)
(773,776)
(773,777)
(773,778)
(773,781)
(773,784)
(773,785)
(775,776)
(775,777)
(775,778)
(775,781)
(775,784)
(775,785)
(776,777)
(776,778)
(776,781)
(776,784)
(776,785)
(777,778)
(777,781)
(777,784)
(777,785)
(778,781)
(778,784)
(778,785)
(781,784)
(781,785)
(782,783)
(784,785)
(786,795)
(786,798)
(786,823)
(787,793)
(787,815)
(787,817)
(787,819)
(787,822)
(791,824)
(793,817)
(793,819)
(793,822)
(793,830)
(794,799)
(794,812)
(795,798)
(795,823)
(798,823)
(799,812)
(801,809)
(801,814)
(801,827)
(803,815)
(803,820)
(803,822)
(803,830)
(809,814)
(809,827)
(815,820)
(815,822)
(815,830)
(817,819)
(817,820)
(817,822)
(817,830)
(819,820)
(819,822)
(820,830)
(834,835)
(837,839)
(837,846)
(837,853)
(837,862)
(838,846)
(839,847)
(843,857)
(844,855)
(844,859)
(845,856)
(846,848)
(846,853)
(846,862)
(846,863)
(848,857)
(848,862)
(848,863)
(850,851)
(851,855)
(853,855)
(853,857)
(853,859)
(853,861)
(853,862)
(855,859)
(855,861)
(857,863)
(859,861)
(862,863)
